number of centroids: 12

centroids: 
0.000000000000000000e+00 1.290000000000000000e+02 8.000000000000000000e+01 0.000000000000000000e+00 0.000000000000000000e+00 3.119999999999999929e+01 7.029999999999999583e-01 2.900000000000000000e+01
1.100000000000000000e+01 1.270000000000000000e+02 1.060000000000000000e+02 0.000000000000000000e+00 0.000000000000000000e+00 3.900000000000000000e+01 1.900000000000000022e-01 5.100000000000000000e+01
1.000000000000000000e+00 1.930000000000000000e+02 5.000000000000000000e+01 1.600000000000000000e+01 3.750000000000000000e+02 2.589999999999999858e+01 6.550000000000000266e-01 2.400000000000000000e+01
1.000000000000000000e+00 1.800000000000000000e+02 0.000000000000000000e+00 0.000000000000000000e+00 0.000000000000000000e+00 4.329999999999999716e+01 2.819999999999999729e-01 4.100000000000000000e+01
0.000000000000000000e+00 1.380000000000000000e+02 0.000000000000000000e+00 0.000000000000000000e+00 0.000000000000000000e+00 3.629999999999999716e+01 9.330000000000000515e-01 2.500000000000000000e+01
9.000000000000000000e+00 8.900000000000000000e+01 6.200000000000000000e+01 0.000000000000000000e+00 0.000000000000000000e+00 2.250000000000000000e+01 1.419999999999999873e-01 3.300000000000000000e+01
5.000000000000000000e+00 1.890000000000000000e+02 6.400000000000000000e+01 3.300000000000000000e+01 3.250000000000000000e+02 3.119999999999999929e+01 5.829999999999999627e-01 2.900000000000000000e+01
1.000000000000000000e+00 7.100000000000000000e+01 4.800000000000000000e+01 1.800000000000000000e+01 7.600000000000000000e+01 2.039999999999999858e+01 3.230000000000000093e-01 2.200000000000000000e+01
6.000000000000000000e+00 1.540000000000000000e+02 7.400000000000000000e+01 3.200000000000000000e+01 1.930000000000000000e+02 2.930000000000000071e+01 8.389999999999999680e-01 3.900000000000000000e+01
7.000000000000000000e+00 1.330000000000000000e+02 8.800000000000000000e+01 1.500000000000000000e+01 1.550000000000000000e+02 3.239999999999999858e+01 2.620000000000000107e-01 3.700000000000000000e+01
1.000000000000000000e+00 8.900000000000000000e+01 2.400000000000000000e+01 1.900000000000000000e+01 2.500000000000000000e+01 2.780000000000000071e+01 5.590000000000000524e-01 2.100000000000000000e+01
6.000000000000000000e+00 1.050000000000000000e+02 8.000000000000000000e+01 2.800000000000000000e+01 0.000000000000000000e+00 3.250000000000000000e+01 8.780000000000000027e-01 2.600000000000000000e+01

cost: 0.002299195504240326
Rand index: not calculated